-----------------------------------------------------------------------------
|                 |  8 |
|                 |  5 |
|                 |  6 |
|                 |  1 |
|                 |  2 |
|                 |  3 |
|                 |  2 |
|                 |  4 |
|                 |  5 |
|                 |  5 |
|                 |  3 |
|                 |  1 |
|                 |  3 |
|                 |  1 |
|                 |  6 |
|                 |  2 |
|                 |  7 |
|                 |  1 |
|                 |  5 |
|                 |  6 |
|                 |  2 |
|                 |  3 |
|                 |  2 |
|                 |  2 |
|                 |  5 |
|                 |  1 |
|                 |  3 |
|                 |  4 |
|                 |  4 |
|                 |  6 |
|                 |  4 |
|                 |  2 |
|                 |  2 |
|                 |  4 |
|                 |  2 |
|                 |  2 |
|                 |  3 |
|                 |  2 |
|                 |  4 |
|                 |  2 |
|                 |  4 |
|                 |  8 |
-----------------------------------------------------------------------------
-----------------------------------------------------------------------------
|                 |  8 |
|                 |  5 |
|                 |  7 |
|                 |
|                 |  1 |
|                 |  4 |
|                 |  3 |
|                 |  4 |
|                 |  5 |
|                 |  6 |
|                 |  3 |
|                 |  1 |
|                 |  4 |
|                 |  1 |
|                 |
|                 |  2 |
|                 |  7 |
|                 |  1 |
|                 |  5 |
|                 |  5 |
|                 |  2 |
|                 |  3 |
|                 |  3 |
|                 |  2 |
|                 |  6 |
|                 |  1 |
|                 |  4 |
|                 |  4 |
|                 |  3 |
|                 |  6 |
|                 |  3 |
|                 |  2 |
|                 |  2 |
|                 |  4 |
|                 |  2 |
|                 |  2 |
|                 |  5 |
|                 |  2 |
|                 |  5 |
|                 |  2 |
|                 |  4 |
|                 |  8 |
-----------------------------------------------------------------------------
-----------------------------------------------------------------------------
|                 |  8 |
|                 |  5 |
|                 |  6 |
|                 |  0 |
|                 |  2 |
|                 |  3 |
|                 |  2 |
|                 |  4 |
|                 |  5 |
|                 |  5 |
|                 |  6 |
|                 |  1 |
|                 |  3 |
|                 |  1 |
|                 |  7 |
|                 |  3 |
|                 |  6 |
|                 |  0 |
|                 |
|                 |  7 |
|                 |  2 |
|                 |  2 |
|                 |  2 |
|                 |  2 |
|                 |  6 |
|                 |  3 |
|                 |  4 |
|                 |  4 |
|                 |  2 |
|                 |  6 |
|                 |  4 |
|                 |  1 |
|                 |  2 |
|                 |  5 |
|                 |  2 |
|                 |  3 |
|                 |  2 |
|                 |  3 |
|                 |  4 |
|                 |  2 |
|                 |  4 |
|                 |  8 |
-----------------------------------------------------------------------------
-----------------------------------------------------------------------------
|                 |  5 |
|                 |  5 |
|                 |  1 |
|                 |  5 |
|                 |  5 |
|                 |  3 |
|                 |  7 |
|                 |  4 |
|                 |  1 |
|                 |  2 |
|                 |  4 |
|                 |  5 |
|                 |  3 |
|                 |  2 |
|                 |  4 |
|                 |  6 |
|                 |  3 |
|                 |  2 |
|                 |  5 |
|                 |  2 |
|                 |  4 |
|                 |  4 |
|                 |  6 |
|                 |  2 |
|                 |  5 |
|                 |  4 |
|                 |  1 |
|                 |  4 |
|                 |  1 |
|                 |  7 |
|                 |  3 |
|                 |  7 |
|                 |  4 |
|                 |  4 |
|                 |  2 |
|                 |  1 |
|                 |  2 |
|                 |  4 |
|                 |  4 |
|                 |  2 |
|                 |  2 |
|                 |  0 |
-----------------------------------------------------------------------------
-----------------------------------------------------------------------------
|                 |  5 |
|                 |  5 |
|                 |  2 |
|                 |  5 |
|                 |  5 |
|                 |  3 |
|                 |  7 |
|                 |  5 |
|                 |  1 |
|                 |  2 |
|                 |  4 |
|                 |  4 |
|                 |  3 |
|                 |  2 |
|                 |  4 |
|                 |  6 |
|                 |  3 |
|                 |  1 |
|                 |  5 |
|                 |  2 |
|                 |  4 |
|                 |  3 |
|                 |  8 |
|                 |  2 |
|                 |  5 |
|                 |  4 |
|                 |  1 |
|                 |  4 |
|                 |  1 |
|                 |  8 |
|                 |  3 |
|                 |  7 |
|                 |
|                 |  4 |
|                 |  2 |
|                 |  1 |
|                 |  2 |
|                 |  4 |
|                 |  4 |
|                 |  4 |
|                 |  2 |
|                 |
-----------------------------------------------------------------------------
-----------------------------------------------------------------------------
|                 |  5 |
|                 |  5 |
|                 |  2 |
|                 |  6 |
|                 |  5 |
|                 |  2 |
|                 |  5 |
|                 |  4 |
|                 |  1 |
|                 |  2 |
|                 |  4 |
|                 |  4 |
|                 |  3 |
|                 |  2 |
|                 |  4 |
|                 |  6 |
|                 |  3 |
|                 |  1 |
|                 |  5 |
|                 |  1 |
|                 |  4 |
|                 |  4 |
|                 |  8 |
|                 |  2 |
|                 |  5 |
|                 |  4 |
|                 |  1 |
|                 |  4 |
|                 |  2 |
|                 |  8 |
|                 |  2 |
|                 |  8 |
|                 |  1 |
|                 |  4 |
|                 |  1 |
|                 |  2 |
|                 |  3 |
|                 |  4 |
|                 |  4 |
|                 |  4 |
|                 |  2 |
|                 |
-----------------------------------------------------------------------------
